1: [0, 22, 19, 0]
2: [0, 20, 10, 22]
3: [0, 21, 15, 20]
4: [0, 22, 3, 21]
5: [0, 22, 10, 22]
6: [0, 22, 8, 22]
7: [0, 19, 15, 22]
8: [0, 20, 1, 19]
9: [0, 21, 8, 20]
10: [0, 21, 17, 21]
11: [0, 22, 9, 21]
12: [0, 20, 1, 22]
13: [0, 21, 7, 20]
14: [0, 22, 7, 21]
15: [0, 19, 10, 22]
16: [0, 0, 21, 19]
17: [19, 3, 19, 0]
18: [10, 17, 12, 3]
19: [15, 12, 9, 17]
20: [3, 11, 15, 12]
21: [10, 5, 8, 11]
22: [8, 12, 1, 5]
23: [15, 15, 16, 12]
24: [11, 3, 9, 15]
25: [8, 6, 12, 3]
26: [14, 15, 9, 6]
27: [9, 7, 12, 15]
28: [1, 6, 5, 12]
29: [11, 6, 3, 6]
30: [7, 17, 6, 6]
31: [5, 5, 8, 17]
32: [21, 0, 22, 14]
33: [19, 17, 22, 0]
34: [12, 15, 5, 17]
35: [9, 17, 9, 15]
36: [15, 13, 7, 17]
37: [8, 3, 1, 13]
38: [1, 15, 16, 3]
39: [16, 16, 1, 15]
40: [9, 6, 10, 16]
41: [12, 12, 9, 6]
42: [9, 12, 14, 12]
43: [12, 10, 4, 1]
44: [5, 3, 1, 10]
45: [3, 10, 14, 3]
46: [6, 1, 3, 10]
47: [8, 10, 10, 9]
48: [22, 0, 21, 10]
49: [22, 13, 20, 0]
50: [5, 14, 6, 13]
51: [9, 11, 14, 14]
52: [7, 15, 16, 11]
53: [1, 5, 16, 15]
54: [16, 10, 5, 5]
55: [1, 16, 10, 17]
56: [10, 9, 14, 16]
57: [9, 16, 12, 1]
58: [14, 7, 9, 16]
59: [4, 3, 14, 7]
60: [1, 1, 1, 3]
61: [14, 14, 11, 1]
62: [3, 16, 1, 14]
63: [10, 10, 3, 16]
64: [21, 0, 20, 10]
65: [20, 15, 20, 0]
66: [6, 7, 6, 15]
67: [14, 1, 5, 7]
68: [16, 7, 9, 1]
69: [16, 7, 6, 7]
70: [5, 6, 7, 7]
71: [10, 10, 7, 6]
72: [14, 14, 9, 10]
73: [12, 16, 13, 14]
74: [9, 10, 14, 16]
75: [14, 15, 7, 10]
76: [1, 13, 17, 15]
77: [7, 1, 15, 13]
78: [1, 10, 17, 1]
79: [3, 11, 7, 10]
80: [20, 0, 20, 11]
81: [20, 13, 21, 0]
82: [6, 3, 8, 13]
83: [5, 17, 8, 3]
84: [9, 11, 3, 17]
85: [6, 8, 16, 11]
86: [7, 1, 15, 8]
87: [7, 8, 16, 1]
88: [9, 9, 12, 8]
89: [13, 11, 1, 9]
90: [14, 5, 3, 11]
91: [11, 13, 9, 5]
92: [17, 13, 12, 13]
93: [15, 15, 5, 13]
94: [17, 6, 3, 15]
95: [7, 6, 5, 6]
96: [20, 0, 19, 6]
97: [21, 14, 22, 0]
98: [8, 11, 9, 14]
99: [8, 11, 4, 11]
100: [3, 11, 7, 11]
101: [16, 4, 14, 11]
102: [15, 15, 10, 4]
103: [16, 7, 9, 15]
104: [12, 13, 5, 7]
105: [1, 17, 6, 13]
106: [3, 13, 11, 17]
107: [9, 10, 1, 13]
108: [12, 8, 1, 10]
109: [5, 1, 16, 8]
110: [3, 7, 10, 1]
111: [5, 17, 7, 7]
112: [19, 0, 19, 17]
113: [22, 16, 18, 0]
114: [9, 7, 6, 16]
115: [4, 1, 1, 7]
116: [7, 14, 11, 1]
117: [14, 5, 17, 14]
118: [10, 5, 11, 5]
119: [9, 5, 3, 5]
120: [5, 16, 2, 5]
121: [6, 14, 13, 16]
122: [11, 13, 5, 14]
123: [1, 13, 8, 13]
124: [1, 8, 11, 13]
125: [16, 13, 12, 8]
126: [10, 13, 9, 13]
127: [7, 10, 9, 13]
128: [19, 0, 20, 10]
129: [18, 14, 22, 0]
130: [6, 11, 3, 14]
131: [1, 16, 8, 11]
132: [11, 14, 6, 16]
133: [17, 2, 12, 14]
134: [11, 16, 3, 2]
135: [3, 12, 6, 16]
136: [2, 4, 4, 12]
137: [13, 8, 7, 4]
138: [5, 5, 6, 8]
139: [8, 9, 17, 5]
140: [11, 4, 15, 9]
141: [12, 5, 5, 4]
142: [9, 13, 6, 5]
143: [9, 15, 9, 13]
144: [20, 0, 19, 15]
145: [22, 9, 18, 0]
146: [3, 12, 15, 9]
147: [8, 9, 14, 12]
148: [6, 7, 5, 9]
149: [12, 11, 4, 7]
150: [3, 15, 14, 11]
151: [6, 14, 10, 15]
152: [4, 11, 12, 14]
153: [7, 17, 8, 11]
154: [6, 7, 4, 17]
155: [17, 3, 17, 7]
156: [15, 8, 10, 3]
157: [5, 11, 17, 8]
158: [6, 8, 7, 11]
159: [9, 2, 13, 8]
160: [19, 0, 19, 2]
161: [18, 13, 20, 0]
162: [15, 4, 8, 13]
163: [14, 14, 6, 4]
164: [5, 3, 1, 14]
165: [4, 10, 9, 3]
166: [14, 4, 13, 10]
167: [10, 10, 10, 4]
168: [12, 2, 6, 10]
169: [8, 12, 1, 2]
170: [4, 8, 7, 12]
171: [17, 17, 16, 8]
172: [10, 1, 2, 17]
173: [17, 9, 2, 1]
174: [7, 12, 16, 9]
175: [13, 14, 6, 12]
176: [19, 0, 19, 14]
177: [20, 3, 20, 0]
178: [8, 2, 2, 3]
179: [6, 13, 11, 2]
180: [1, 15, 12, 13]
181: [9, 16, 17, 15]
182: [13, 15, 4, 16]
183: [10, 5, 12, 15]
184: [6, 8, 16, 5]
185: [1, 4, 9, 8]
186: [7, 7, 2, 4]
187: [16,8, 16, 7]
188: [2, 13, 6, 8]
189: [2, 2, 17, 13]
190: [16, 5, 13, 2]
191: [6, 12, 11, 5]
192: [19, 0, 21, 12]
193: [20, 5, 18, 0]
194: [2, 4, 4, 5]
195: [11, 14, 3, 4]
196: [12, 6, 11, 14]
197: [17, 3, 4, 6]
198: [4, 17, 2, 3]
199: [12, 16, 2, 17]
200: [16, 17, 2, 16]
201: [9, 4, 16, 17]
202: [2, 3, 15, 4]
203: [16, 13, 4, 3]
204: [6, 15, 13, 13]
205: [17, 2, 17, 15]
206: [13, 8, 8, 2]
207: [11, 2, 3, 8]
208: [21, 0, 20, 2]
209: [18, 11, 18, 0]
210: [4, 3, 2, 11]
211: [3, 3, 16, 3]
212: [11, 4, 8, 3]
213: [4, 9, 2, 4]
214: [2, 5, 10, 9]
215: [2, 9, 2, 5]
216: [2, 4, 11, 9]
217: [16, 5, 13, 4]
218: [15, 14, 4, 5]
219: [4, 1, 15, 14]
220: [13, 6, 2, 1]
221: [17, 2, 2, 6]
222: [8, 12, 12, 2]
223: [3, 8, 12, 12]
224: [20, 0, 18, 8]
225: [18, 6, 19, 0]
226: [2, 5, 2, 6]
227: [16, 7, 11, 5]
228: [8, 12, 4, 7]
229: [2, 1, 4, 12]
230: [10, 17, 15, 1]
231: [2, 6, 15, 17]
232: [11, 2, 8, 6]
233: [13, 10, 14, 2]
234: [4, 2, 4, 10]
235: [15, 7, 7, 2]
236: [2, 4, 1, 7]
237: [2, 17, 17, 4]
238: [12, 10, 13, 17]
239: [12, 12, 11, 10]
240: [18, 0, 20, 12]
241: [19, 22, 0, 0]
242: [2, 19, 0, 22]
243: [11, 18, 0, 19]
244: [4, 21, 0, 18]
245: [4, 21, 0, 21]
246: [15, 18, 0, 21]
247: [15, 19, 0, 18]
248: [8, 18, 0, 19]
249: [14, 21, 0, 18]
250: [4, 18, 0, 21]
251: [7, 22, 0, 18]
252: [1, 18, 0, 22]
253: [17, 18, 0, 18]
254: [13, 18, 0, 18]
255: [11, 21, 0, 18]
256: [20, 0, 0, 21]